0.050001179
0.100002787
0.150003863
0.200004978
0.25000885
0.300001207
0.350007125
0.40000715
0.450006792
0.500006484
0.550004584
0.600005875
0.650004642
0.70000696
0.750002786
0.800004395
0.850008759
0.900000281
0.950008226
1.000009273
1.050009825
1.100008829
1.150007824
1.200003239
1.250008418
1.300006231
1.350007879
1.400009964
1.450000143
1.500006756
1.550008166
1.600009424
1.650003905
1.700006994
1.750004617
1.800006542
1.850002235
1.90000667
1.950002785
2.000009954
2.050002996
2.100008898
2.150004081
2.20000169
2.250003784
2.300003448
2.350005305
2.400008835
2.450006869
2.500004585
2.550009935
2.600003902
2.650004602
2.700005666
2.750007129
2.800000245
2.850009696
2.900000265
2.950003133
3.000004421
3.050006672
3.1000077
3.150003357
3.200005071
3.250001634
3.300004674
3.350002698
3.400004926
3.450003448
3.500002878
3.550007984
3.600003458
3.650006803
3.700000677
3.750005661
3.800002723
3.850001033
3.900005207
3.950006904
4.000007874
4.050003654
4.100006703
4.150002491
4.200009472
4.250003079
4.300007301
4.350007875
4.400008451
4.450000347
4.50000258
4.550009602
4.600007578
4.650002342
4.700005618
4.750008792
4.800004279
4.850005554
4.900003283
4.950001102
5.000000364
5.050005297
5.100003496
5.150006161
5.200004714
5.250002737
5.300005094
5.350007389
5.400009604
5.450002501
5.500006181
5.550005891
5.600000919
5.650007743
5.700008432
5.750004417
5.800002079
5.850005114
5.900006289
5.950003282
6.000009835
6.050007
6.100004056
6.150008447
6.200006212
6.250006468
6.300002865
6.350004118
6.400001078
6.450005492
6.500006446
6.55000385
6.600002115
6.65000333
6.700002621
6.750004647
6.800006079
6.850009534
6.900006443
6.950009776
7.000008271
7.050004979
7.100004808
7.150009559
7.200009109
7.25000717
7.300002631
7.350008992
7.400004459
7.450007245
7.500008062
7.550006083
7.600001664
7.650005953
7.700009748
7.750008393
7.800009896
7.850002353
7.900008112
7.950000059
8.000009469
8.050003822
8.100008303
8.150009241
8.200004954
8.250009224
8.300009343
8.350008981
8.400008711
8.450002497
8.500001384
8.550002178
8.600008925
8.650007021
8.700009456
8.750003809
8.800003832
8.850004738
8.900000932
8.950000405
9.00000785
9.050003283
9.100005629
9.15000032
9.200001847
9.250003907
9.300000071
9.350006027
9.400004041
9.450005748
9.500009489
9.55000942
9.600002875
9.650007617
9.700002093
9.750004039
9.800003276
9.850008311
9.900001614
9.950006287
10.00000297
10.05000408
10.100006
10.1500018
10.20000245
10.25000475
10.30000192
10.35000118
10.40000437
10.45000113
10.50000164
10.55000704
10.60000694
10.65000841
10.70000638
10.750003
10.80000447
10.85000877
10.90000691
10.95000805
11.00000013
11.05000307
11.1000024
11.15000562
11.20000089
11.25000649
11.30000794
11.35000965
11.40000554
11.45000306
11.50000577
11.55000419
11.60000361
11.6500064
11.7000036
11.7500088
11.80000011
11.85000815
11.90000903
11.95000258
12.00000848
12.05000099
12.10000111
12.15000558
12.20000977
12.25000165
12.30000567
12.35000212
12.40000528
12.45000311
12.50000455
12.55000464
12.60000566
12.6500053
12.70000451
12.75000792
12.80000044
12.85000926
12.90000903
12.95000793
13.00000992
13.05000282
13.1000049
13.1500044
13.20000161
13.25000101
13.30000192
13.35000887
13.40000257
13.45000994
13.50000335
13.55000941
13.60000814
13.65000446
13.70000788
13.75000779
13.80000318
13.85000029
13.90000147
13.95000046
14.00000181
14.05000702
14.10000124
14.15000178
14.20000889
14.25000585
14.30000685
14.35000378
14.40000795
14.45000059
14.50000363
14.55000625
14.60000639
14.65000318
14.7000068
14.75000848
14.8000097
14.85000833
14.90000177
14.95000094
15.00000737
15.05000375
15.1000064
15.15000754
15.20000458
15.25000443
15.30000271
15.35000408
15.40000514
15.45000563
15.50000146
15.55000547
15.6000091
15.65000296
15.7000023
15.7500096
15.8000026
15.85000931
15.90000425
15.95000882
16.00000785
16.05000128
16.10000802
16.15000794
16.20000027
16.25000588
16.30000388
16.3500034
16.40000091
16.45000989
16.50000256
16.5500015
16.60000883
16.65000464
16.70000318
16.75000706
16.80000949
16.85000374
16.90000649
16.9500088
17.00000661
17.05000968
17.10000728
17.1500035
17.2000026
17.25000854
17.30000884
17.35000896
17.40000105
17.45000648
17.50000221
17.55000162
17.60000813
17.65000645
17.70000321
17.7500051
17.80000172
17.85000338
17.90000196
17.95000417
18.00000845
18.05000383
18.10000138
18.15000193
18.20000754
18.25000262
18.30000142
18.3500023
18.40000551
18.45000034
18.50000001
18.55000442
18.6000024
18.6500004
18.70000321
18.75000375
18.80000102
18.85000921
18.90000911
18.95000172
19.00000972
19.05000986F